   0.52519561259077   0.62962481171487  -0.08160606132683   0.03576049930629  -0.15538091510951   0.26008955030181   -0.38175174624971   0.21907209306891   0.50493666456788   0.09395282774632  -0.56798689820669   0.00263111820562   0.10712583383256  -0.56410803624792  -0.02086877363978  -0.21376215799535   1.08575326331605  -0.08680871270488  -0.39111385376560  -0.18250247739704   0.06336234409970   0.02659293897320   0.28634053019625   0.19237895948477   0.04897814315108   0.60935114820333  -0.22905064518848   0.28920907755882   0.13157882655310   0.03621036120805
   0.02719729626848   0.32367702891665   0.26735641125821   0.04490858064014  -0.08802450959740   0.49123258896755   -0.47376233220537   0.48722769714671   0.14197769748752   0.13910203365026   0.35268867764847  -0.46586058664048  -0.05666207653031  -0.57209995773271   0.60267292527857   0.40643028434387   0.05328432741090   0.02591810445919   0.05822638970143  -0.01486462418730  -0.46895664227061  -0.04079452826979  -0.11341181189343  -0.14813997915680  -0.72839154222566  -0.35865872959249   0.32472054085304   0.10670492326844   0.31823580636285   0.01145961065743
  -0.14283926063880  -0.40697507884813  -0.06296791964078   0.28550671978346   0.31648661178878   0.31148766312630   -0.27654956860626  -1.22374487853719   0.25460451333069  -0.13999525690125   0.05380306150938   0.37893910566199  -0.23999491002814  -0.54629677458469   0.01750632554962  -0.05243914629522  -0.25287880152376   0.32110768760177  -0.15055115975100  -0.02675417714829   0.09617025690225   0.28047064298842   0.28478479816635  -0.15435264054657  -0.75051054867615   0.88897796579674   0.18846345208433   0.03177342786672  -0.31523036887922   0.39163489791233
  -0.19230305653244   0.14412829188589   0.07619417177066  -0.17352581030046  -0.37284106834060  -0.05309336781708   -0.13977050278512   0.05641305057751  -0.11263300539608  -1.37109708724657   0.79140808423415   0.14224298162108   0.28660234332283  -0.63641822690350  -0.17168309990814   0.52176547212447  -0.22936753909545   0.36141846228004   0.06275387015422  -0.46508534830244   0.01305577594323  -0.64464597392597   0.29729051219327  -0.21303821930909   0.14106349740288  -0.32284302759588  -0.01317232645518   0.17639421427199  -0.02019351896920  -0.23697642187072
   0.01794115692070  -0.00326133241535  -0.09394169873307   0.11138582919895   0.22267275228606  -0.22487764497326   -1.42202341874889  -0.15779176485867  -0.59352581452566   0.67500869136847   0.09045301187679   0.29018722319490  -0.03162887306958  -0.03336932732541   0.38668951133695   0.40423892540888   0.51635191019109   0.18744417647614  -0.92114917230692  -0.09377919131176  -0.12190006994453   0.27895027675192  -0.19191409061439   0.18744230662237  -0.11894635990235  -0.22361731431964  -0.47678009892412  -0.48777803869769  -0.64462282905828  -0.17834097178380
   0.52418093926748   0.03010469374232  -0.44873269357702   0.04052747876674  -0.22691211289418   0.20635533999506    0.33757369255714  -0.31362950628519  -0.23817863683682  -0.26992406601823   0.02488349343202  -0.18204225311860  -0.14787231062767  -0.14467488789128   0.73798569952779  -0.32280219049415  -0.07131674250992   0.57602850210610  -0.44614508427714   0.29144817483113   0.27372504229943  -0.39126379110866  -0.10936764493328   0.23627053879857  -0.00476886915074  -0.14908304885126  -0.13942634074538  -0.40742945170888  -0.04016305926434   0.27709920631212
  -0.17963155434984  -0.30882596439779   0.16679046990688   0.67679721522949  -0.01850470202268   0.35689010534675   -0.30110321361943  -0.11203540763789   0.46762898807556   0.35832786157494   0.24746066931208   0.26161381404302   0.41960985013528  -0.80542895809678   0.34009849398543  -0.35388300522495   0.09850168325751  -0.12856460639099  -0.23844398806171   0.06674413315483   0.00243708935115  -0.01462427293033  -0.48064300877141   0.32815872617781   0.67401423847254  -0.22289988626632   0.78819945986222  -0.35925675136986   0.30509686540024   0.25165714367765
   0.09017013784265  -0.80731099992622  -0.43654233969185   0.59842693213164  -0.35864601100028  -0.24710040484270    0.27569166091337   0.25760155278258   0.04268049402370  -0.26297694587357   0.11471795844733  -0.10392750185281   0.20677423941459  -0.07210854161974   0.13204411587835  -0.45917132957372   0.14669987662115   0.03764141140554  -0.37513009309610   0.47712995224796  -0.09275930437942   0.06292591063542   0.37745187378677  -1.05243955334107  -0.04850460251238   0.79710277382604  -0.77108539444479   0.11665560980863   0.07665521220783   0.03415172583637
   0.08481666108718   0.46235575219600  -0.25542045001489   0.29684920704008   0.60623539680561  -0.06288103304334   -0.34982417310873   1.31075472034519   0.44040816789515  -0.22553199823790  -0.01202318403519  -0.10277496886756   0.70735122975433   0.51799548969890  -0.47671762987877  -0.59538859088932   0.26470456009596   0.15084743008189   0.22598575126343   0.01866193905803  -0.01305143835034  -0.00364924285578   0.14844339039708  -0.15948137169611  -0.02958462582820  -0.01740202444250   0.73598502727113   0.05096044207787  -0.33965721997070   0.08024814215780
  -0.08703123128239  -0.10182327665839   0.05466654682531  -0.33065207081640  -0.05491894040508  -0.20479308033662    0.05553313511793  -0.02454725881948   0.12836466398224   0.01586373962728   0.13852561709358   0.22125720882633  -0.53204464908320  -0.27063164082543  -0.08329046992079  -0.35692602558853   0.09244654815357   0.03042451920094   0.12246842590967   0.32439545553902   0.08244252750676  -0.71704734364547  -0.61634963605249  -0.60740383002367   0.15683576642408   0.00414779956172  -0.03642715797322   0.93973900721444  -0.10206438193992   0.12421845076027
  -0.19963377842024   0.09759470942597  -0.72537748793137   0.22374848212282   0.05746747772941   0.38397803436242    0.69270195833791  -0.45083891971689  -0.29816461409905   0.20598181571832  -0.65193687528669  -0.02159096623010   0.28711451044027  -0.22178249626481   0.37579607660478   0.13292198860936   0.43053757946168  -0.73668809565893   0.55081678213628  -0.18224556397287   0.56519053945440  -0.00821989169000  -0.20455781935472  -0.73897611916200  -0.22786647844106  -0.69924138517895  -0.54196440688930  -0.50321951018732  -0.03553834259751  -0.10551474111724
  -0.20893926557004   0.31636136812391  -0.09946609727346  -0.24218414002861   0.35362961280892   0.00013058167801   -0.21240729902817   0.20667632229658  -0.01733790919430   0.01908964233533  -0.03690553184109  -0.42743589890700  -0.56651404816480   0.47016364326443   0.03265240315688   0.51966756848584   0.76196843555767   1.06194841460874   0.35827000997009  -0.15172022494615   0.94054938361122  -0.12200932855759   0.80683194659477  -0.34984163644832   0.15674611272462   0.22757829405085  -0.26460251165395   0.30937502450864   0.40113288355353   0.48569499692734
   0.04882908154654   0.07617315349069  -0.14761081845068   0.44389015440719   0.42244517870184   0.07251027361393    0.01468422547132   0.76863631934001   0.03339053795198  -1.05107388834243  -0.36363312671337   0.66585943005986  -0.84236573155069  -0.09764248838073   0.04854737303311   0.35835146701069  -0.59595730311932   0.25625748610364  -0.32948383063123  -0.01896724079037  -0.34256961159765   0.39400672042039   0.14341508539865  -0.74810237873099   0.56527532603366  -0.15227199107325   0.12292735377135  -0.36108137305771  -0.47432261826301  -0.00973747414045
  -0.05335775509248   0.00882714867144   0.21030427826191  -0.47772497085392  -0.53529612665002   0.06727573686421    0.20177662334785   1.07524766885032   0.33845221491213  -0.39927766332884  -0.59579701548336  -0.14535988587692   0.41369825233199   0.08257940382783   0.42731944332457   0.30184617077225  -0.10166539987083   0.65845741818985  -0.18299140513337   0.05363158760405   0.55248788379802  -0.08495859196848   0.29577858255353  -0.02830078261198  -0.15482186962458   0.66094407627041   0.08713346977743   0.14196405262271  -0.51048353656281  -1.05560649923549
   0.05547435706877  -0.21755938792930   0.49131301863602  -0.20858129798408   0.19030794698042  -0.27265814228571   -0.08992590590161   0.00825451442149   0.22817487587074  -0.53210205987620   0.07256933829688   0.24912444351799  -0.11302863620669   0.26682346139086  -0.16939006674842   0.05272898742725  -0.10999418523246   0.18176169924231  -0.35338206457399   0.08782930473168   0.30277587147672   0.51404822963478  -0.31511395034124  -0.17003306715357  -0.33984380475288  -0.04185722057531  -0.08402863378965  -1.14905234756372   0.36524339401485  -0.51726058073557
   0.19089315156505  -0.35157483935053   0.23433987108224  -0.05503615903129   0.11228386172919   0.17928383935857   -0.31106146146925  -0.77451188119433   0.18393786738635   0.10942716885446  -0.25155593565460  -0.23792434311914   0.03817315784796   0.23411381660414   0.13773552925947   0.08258914601449  -0.15237297029250   0.42640468897548   0.48227245864499   0.11404166941429  -0.54526484748607   0.29291680281568   0.44637835262499   0.30185539052419   0.02729973957173  -0.60055431707155  -0.90847203329308   0.41684134740965  -0.28896168937896   0.18472780389262
  -0.44365931780446   0.20161997706403   0.81035208631536   0.13999675637604  -0.09076733299919  -0.02414509283668   -0.42629010904124  -0.18124238397636  -0.00109278291165  -0.57669296223656  -0.39621203763113  -0.02255353908852  -0.09532489557637   0.22689950457660   0.03580828794179  -0.50579162034478   0.00029019293003   0.14693801984443   0.11252773442183   0.44005676975981  -0.86928388589500  -0.04310939803822  -0.09579911611195  -1.08368556748801  -0.09085837605787  -0.24696263697799   0.07044504026950  -0.43933501744970   0.02751751897271  -0.46099955282193
   0.03901669712899   0.56818185827328   0.18618175597017   0.47943606041776   0.03308728334416   0.11737822896360    0.04700328967037   0.28198174416119  -0.60835043855894   0.44576847768349  -0.05098478859834   0.21432351006332  -0.10784378269402  -0.00580474361972  -0.79496349019055   0.04290120798746   0.04413551712079   0.71572515718148   0.14161114180794   0.33573863068689   0.08937929084172  -0.35581894390085  -0.12566700503283  -0.18513340945886  -0.19652048268055  -0.23880366715697  -0.21086550609958   0.56726940365076  -0.02671756655197  -0.31241840807620
   0.26781541380980  -0.34112256052479   0.23252124272654   0.15844493977223  -0.64433449642684   0.03494810442897    0.31685843155772   0.63615137566813  -0.43118155782809   0.50581445523702  -0.02380533221894   0.57227886585846  -0.33677525969988  -0.01195860240563   0.69799461725350   0.09424292604167   0.37415562047626   0.08129710205944   0.36809524768472  -0.37822814889766  -0.14180993618470  -0.03467363752483   0.29762760164913  -0.05331767202278  -0.23399180423087  -0.17830847107435  -0.03743113138584  -0.16556211424111   0.21672322583983   0.38173779091569
  -0.58011473698843   0.25870882931971   0.08273373836021   0.25164326702128  -0.10879187325032  -0.45076592292329    0.34539859286440   0.04301268421131  -0.23408200093719  -0.08025151737663  -0.65582866843268   0.00767031037612   0.83860063922852  -0.25376100378944   0.15527457737903   0.22158367738035   0.22986923199462  -0.09714392332911   0.04900645783602   0.18696642019098  -0.60726469317879  -0.28567358369747  -0.50888124101852   0.17180871634370  -0.46119218791441   0.17657709039681  -0.58822323306239  -0.23286550667881  -0.33945785279582   0.57278743984756
  -0.22540793402711  -0.06755359977715   0.33876832577161   0.67915091843777   0.27753466401199  -0.16967479353942    0.25446201653004  -0.25088658104973  -0.01794137710439  -1.23932015893857  -0.46177607735272  -0.28405402210385  -0.25423169925847  -0.09099793397662   0.77463081304969  -0.01320407046686   0.24102227106094  -0.74954844681797   0.17833236495344  -0.02028750337734   0.49207947923335   0.02224793023825   0.00762168509774   0.54426419726241  -0.17563066341780  -0.58404219548114  -0.05791419779062   0.18969436631833   0.06900938138804  -0.16086720717776
   0.24454616550640  -0.36038719778147  -0.33475193274763  -0.04854605666737   0.21962829161232  -0.08302076189816   -0.46659496465190   0.38964634647453  -0.48256983686846  -0.40179654223232  -0.49577131168773  -0.02801738359802  -0.22524447440735  -0.11298989621975  -0.28285878027889  -0.39415652829520  -0.47868923715920   0.18227794740613   0.22418836468776  -0.36958664104415   0.07692342239687   0.50362992542836  -0.90869422651489  -0.16688649735638  -0.06363587368629   0.36517995184225  -0.75875994831281   0.30145209924222   0.50555877246402  -0.19399326205317
  -0.77935758532677   0.15860956365391  -0.50553838185726   0.24135272355618  -0.10941797990557   0.61768764915907   -0.15908559350751   0.02798646703382  -0.17237273393170  -0.09657659488631   0.57183790542798   0.17145589966878  -0.33332340714946   0.06662918915243   0.05730679503895   0.21452462410112  -0.28010740965357  -0.24191323077601   0.37544310576491  -0.11162878866298  -0.29564447937784   0.11499169541906   0.03411001256969   0.21288727749536  -0.26042063378282   0.31744298908749  -0.60204022860200   0.13809726997934  -0.20708907898121  -0.22319403115600
   0.01354489572259   0.38990467589143  -0.09922837603565  -0.08460693650167  -0.72533031573753   0.25099085149153   -0.23211622448726  -0.28852892784320  -0.43731065979480  -0.50169445880165   0.15400604862456   0.13351223690632   0.41011738171858  -0.04768197794918  -0.37076722761342   0.10051823135374   0.20785001828162  -0.23209860178099   0.02182364955166   1.10322654314537   0.38907323874143   0.23000620652358  -0.39568074870871  -0.03532725534789  -0.13016040982051   0.02265190739422   0.15965751762221   0.50774928379705   0.16053297207008   0.23246110538134
   0.33326346661872   0.10850832158240   0.03310972984014   0.47661102014390   0.17367758763345  -1.15941735634251   -0.08617781256171  -0.35720961858768   0.53987653582279   0.23950330520346  -0.14227289711360   0.09541418671674   0.22192494809528  -0.01729510776220   0.75940072491683   0.22018323608165   0.29781876974398   0.07687181491615   0.61277903548730   0.27989038789886  -0.16625488269305   0.41118164982525   0.21609348696114   0.23317676941429   0.40244045407168   0.37061348286463  -0.14051205940218   0.20720090669324   0.15897532316660  -0.21484113318249
   0.08034989150019   0.36507176156010  -0.23016886275056   0.31623497884123  -1.18751600761524  -0.91312067655013    0.35189928201125  -0.04889943195018   0.22277174429509   0.06063956292328  -0.24394650428835  -0.12827771886082   0.10168334728228   0.04612259921139  -0.54956729877036  -0.05754184465356   0.24522085984281   0.45415725270051  -0.35168066662824  -0.00010796984274   0.65137590454497   0.58991644143984  -0.06672246577359  -0.18224949082926   0.12897605496342  -0.38385311305391  -0.13499424049674  -0.07936105990646  -0.88487992508494   0.52332675626215
  -0.35724817146192   0.40695286082905  -0.32045411153418  -0.27669561075226  -0.24204270975495  -0.76494652009817   -0.05003405295318   0.24708718399396  -0.02864059383925   0.19845924932815   0.08354570799199   0.13445055377378   0.07294847314803  -0.39318407362561   0.22815167109001  -0.36234967413578  -0.56272239411862  -0.17767738544618  -0.34060539319280   0.37946452866171   0.46281014029219   0.09639711119534   0.52947170883722   0.25949337410764  -0.03908377537790  -0.24919808723230  -0.43544162318520   0.21720689370639   0.29156816248002   0.27841519798222
   0.23800147045098  -0.23800978666381   0.48362154250007   0.00708146514522   0.23153968889622  -0.20798543870793   -1.25552256078191   0.33856736818030   0.02297574474642   0.23884978465159   0.16228958069295  -0.78703235869044  -0.27053505333766  -0.25908030042517  -0.46151895929177   0.15629916720909   0.05964969907679  -0.00241571672447   0.26752383494105   0.34237635028538   0.32858683338745  -0.57549477942825   0.58525899767756   0.08213968788037   0.24900947086677   0.24300044494269   0.26289797069891  -0.39645477447068  -0.41291979677662   0.28439373819469
  -0.10845807355857  -0.07957658531715   0.44969087273230  -0.68928269760935   0.25844747408632   0.36714460351786    0.25118742765449   0.14216128987647  -0.14789133480527  -0.22976151590078   0.31476217644133  -0.21687803131052  -0.06472015875408  -0.16262540403475   0.30468341208199  -0.69794953852090   0.07722720472423   0.46592056813959  -0.14106747538531  -0.10744787372995  -0.05138031035697   0.54937084619731   0.02467234470468  -0.23164502167731   0.08449024456736  -0.12426487299083   0.21465580826490  -0.35652633111325   0.00030078652631  -0.43497917457128
   0.02598111150274   0.31399902899746   0.96470487406797  -0.28779439271027  -0.31552082589454  -0.11263330906743   -0.14041001139620  -0.22897479410224  -0.51967866075068   0.16135823650574   0.25185530188596  -0.17335088497743   0.14401827721314   0.02560028913102   0.55608247599887   0.00799150185867  -0.46102800642295  -0.24902158398042  -0.05700926791737  -0.03523391020650   0.09726571052613  -0.26161101455625  -0.14908422355415  -0.23905281038540  -0.29305586801624   0.46858863763195  -0.23308970639749   0.10269595907676   0.04492622451428   0.54114204860065
