 -0.25895261738164d0 -0.10175942956744d0 -0.24679218027934d0  0.42336638278666d0  0.55587977013563d0 -0.47324508893696d0  0.57100202766407d0 -0.23833191325746d0 -0.40301773325109d0  1.09291878914675d0
  0.17279565987951d0 -0.19981637292749d0 -0.01097070749225d0 -0.44498865221943d0  0.66677132918536d0 -0.57109996926234d0 -0.00692724357882d0 -0.44040741520351d0  0.75593410436098d0 -0.24817003612008d0
  0.71509850952775d0  0.57092690133792d0 -0.79437272043384d0 -0.04057407921233d0 -0.61700165264422d0 -0.14442817339295d0  0.55500293627097d0  0.06129204781870d0  0.42337586705494d0 -0.29275888271258d0
  0.37459878093614d0  0.30414535752991d0  0.61854121595881d0 -0.18253713882554d0 -0.08595177658454d0  0.68205916320059d0  0.48965989868925d0 -0.25409249835683d0  0.20647249378240d0  0.45247309637109d0
 -0.19101408337939d0 -0.14013677463583d0  0.76213646685864d0 -0.26395334070357d0 -0.23210209939619d0 -0.42312555008356d0  0.80252489467614d0  0.48181973827204d0 -0.27594074125143d0 -0.57137971996847d0
 -0.10592640806750d0  0.53512904963662d0 -0.14380270301318d0 -0.91721616786171d0  0.18453412783446d0 -0.00755700571369d0 -0.29109770529582d0 -0.39219703336261d0 -0.82078877023958d0 -0.38704746700054d0
  0.47632734580863d0  0.42847033067362d0 -0.07978335716005d0  0.69401738854079d0  0.76879205215484d0  0.08663876644799d0  0.16889764907832d0  0.16681970926268d0 -0.51795112514378d0 -0.18446898846123d0
 -0.54043471667983d0 -0.50348312813737d0 -0.34535113741970d0  0.25084744370086d0 -0.17847360081965d0  0.20845804127948d0  0.37880938613374d0 -0.89879028768233d0 -0.05080961545822d0 -0.59852972227781d0
  0.62999379529318d0 -0.88094352929403d0 -0.26543667218141d0 -0.85114380324345d0  0.11409151085518d0  0.58820342362657d0  0.14751162215098d0  0.36861868050341d0 -0.19226941922361d0 -0.25841711929933d0
 -0.73702890253822d0  0.13986673295775d0 -0.03902959296976d0 -0.38707641355810d0  0.81739840167998d0  0.52663977330132d0  0.14884568436926d0  0.44706266373653d0  0.40258059679430d0  0.01783877880451d0



