  0.06335259  -0.15303824  -0.09461623   0.07973133  -0.39097869   0.11640775   0.28076027   0.21809793  -0.04977156  -0.13925633   0.22074266   0.15227857   0.31443529   0.62456392  -0.33469228  -0.19850896  -0.31942636   0.05287869  -0.12098852  -0.44930783   0.05560324  -0.44998772  -0.50930477   0.11154887  -0.27158074  -0.28483767  -0.47819406   0.14725588   0.35903925  -0.06839277
  0.05672305   0.18358535  -0.16857351  -0.29029747  -0.40516314  -0.12411817  -0.20459815  -0.01565925   0.09413283   0.22209099  -0.11266076   0.35890908   0.09155170  -0.02119439   0.20799932   0.45326397  -0.18159732  -0.30608132   0.10045907   0.24472668   0.37622418   0.23838811   0.05514527   0.64371498  -0.34871063  -0.38676530   0.45354028   0.62253156  -0.07214806  -0.25983135
 -0.02695071  -0.14343089  -0.13820485  -0.15711033  -0.29280345   0.00167083   0.50171081  -0.03139629   0.23650757  -0.12012829  -0.07224158   0.40311577   0.24131250   0.15790652  -0.06452354  -0.10398034  -0.06213891   0.40454717   0.20471084   0.16737636   0.17167153  -0.37022442   0.55736525   0.11664996   0.01980121   0.28954065   0.02141416   0.12702207  -0.15648361   0.61679227
  0.50367729  -0.03036849   0.33398347   0.14805620  -0.03335002  -0.11655231  -0.09981462  -0.29831527  -0.03310230  -0.31614837  -0.03592274  -0.67079463   0.30823643   0.02004679   0.41833831   0.03263380  -0.23095095   0.17044314  -0.47266093  -0.13430002   0.38887756   0.15207307   0.19116309   0.36768099   0.06017237  -0.10278505  -0.27262320  -0.05525492  -0.02430218   0.25625277
 -0.17229434  -0.24045787  -0.04582309  -0.31403842   0.16773031  -0.28712160   0.37130363  -0.63480134   0.14871068   0.05118301   0.10159863   0.08453881  -0.01575181   0.01348529   0.06416956   0.09131402  -0.16355391  -0.03628647  -0.33829587  -0.27453390  -0.50571378  -0.05267280  -0.55493071   0.29895796  -0.01666932   0.57979364   0.13093586  -0.46178399   0.34979266   0.23655696
  0.18640204  -0.03447198  -0.15126745   0.14830674  -0.21746638   0.38324048  -0.28473528  -0.08040904   0.16679259   0.27540226   0.20799824  -0.11878068  -0.10837695  -0.19143051   0.17527317  -0.56903818   0.06274372  -0.17340755  -0.29481534   0.03947903  -0.15936722  -0.37833616   0.17263562  -0.06051389   0.09795651   0.61902994   0.32285996   0.66908847   0.52274172   0.03086603
  0.00733970   0.07075251   0.10470290  -0.09641563  -0.02828801  -0.02317078   0.50370573  -0.05764499  -0.72501313  -0.35925174   0.21988239   0.16710735  -0.33368257   0.05305362  -0.11082705  -0.27286490  -0.44562776   0.16075335   0.00065337  -0.00637382  -0.05667355  -0.32151408   0.22195319  -0.01216206   0.31902512  -0.35226832   0.38907940   0.18780798  -0.36769969  -0.23933241
 -0.33098916  -0.33818895   0.27633450   0.39111626   0.60934033  -0.23241674  -0.03107419   0.19627871   0.19344718  -0.44297397  -0.60660046  -0.09594153  -0.09773665   0.16480258  -0.43741984   0.40988739   0.17784845   0.23993019  -0.07305947  -0.10505300  -0.27801989   0.08906623   0.39231597   0.36497820  -0.03654377   0.21653752  -0.02627497   0.60527345   0.38391893   0.09868948
  0.04266519   0.57402235   0.31345702  -0.00399058  -0.12905129   0.39420325   0.13922571   0.18165656   0.16077444   0.15011795  -0.21393148   0.17337352  -0.23415834  -0.02558108  -0.39351854  -0.08266986   0.36249806   0.75389894  -0.41371927  -0.31079041  -0.12444596   0.22208757  -0.26270615   0.06095497  -0.35439017  -0.21158685   0.26691100   0.19939876  -0.01102049   0.28175454
  0.07016071  -0.29999811  -0.01421623   0.10173782   0.01538324   0.18017436   0.62093839   0.11810278   0.47429322   0.30199434  -0.06265884  -0.17717436   0.19895366  -0.52048496  -0.28604100   0.19009630  -0.17975684  -0.27583212  -0.31262154  -0.69351347   0.44033900  -0.17310794   0.31531136  -0.17668124  -0.15628321  -0.23313749   0.13572777   0.06756679  -0.10393713  -0.14920906
  0.00326791  -0.01181664  -0.21149309  -0.17007539   0.26677132   0.11544634   0.36602196  -0.01888632  -0.45713802  -0.47049966   0.04600059  -0.05894552   0.11866077   0.27366106   0.56910190  -0.09192692   0.55555432  -0.29195639  -0.26718837  -0.52639148  -0.07252759   0.26563895   0.04683663  -0.21884683  -0.60944640  -0.01995227   0.03998831   0.19079691  -0.17755040   0.45726925
 -0.14972020  -0.20282789   0.24789012  -0.15927198   0.07126258  -0.28135070  -0.18911638   0.33756701   0.42216079   0.27273903   0.09278489   0.11168668  -0.70637938   0.37268448   0.10181604  -0.08817261  -0.42018935   0.04547812  -0.37580179   0.00725697   0.33208467  -0.05327372   0.31746255  -0.08895449  -0.42925901   0.11023535   0.05859333  -0.08872103  -0.13817204   0.03219705
  0.10373778   0.12148286   0.06168276   0.18835110  -0.08825633  -0.47636576   0.03131100  -0.35024945  -0.42175733   0.42289195  -0.11251264  -0.06191623  -0.29667295   0.50563899  -0.45485482  -0.25568025   0.39335135  -0.26024227  -0.04449075  -0.09118558   0.53974660   0.20186748   0.15587528   0.10689520   0.10292568  -0.12722883   0.16183478   0.10752288  -0.09278080   0.38316767
 -0.26597740   0.27628217  -0.10115371   0.29727865   0.20016852  -0.32774731  -0.26994250  -0.42796867  -0.23850948   0.02405701   0.64816515   0.56395654  -0.03892520  -0.50607165   0.06360362   0.25677860  -0.00387647   0.29303556  -0.20554551  -0.43556941   0.56397197  -0.14449839   0.08491313  -0.15144390   0.05607904   0.10022620  -0.15630441  -0.03880346  -0.18251033   0.28895274
 -0.09578173  -0.36301767   0.67651033  -0.24984743   0.21404662  -0.15241662   0.08179040  -0.21958979  -0.08366701   0.54583742   0.18531037   0.41791622   0.40718653   0.17622110  -0.10655964   0.12486970   0.46774398   0.21107230  -0.03882714   0.12550044  -0.37615329  -0.34175834   0.18147886  -0.36392523  -0.21719251  -0.28013781   0.16745560  -0.04771504   0.07033966  -0.17165723
  0.03160639  -0.43656279  -0.23761493   0.35776551  -0.28957336  -0.47602740  -0.30256136  -0.17616291   0.04060351  -0.24547709  -0.69076036   0.07461322   0.10879528  -0.16088277   0.01978209  -0.23789171   0.11218927   0.12362281   0.19309452  -0.25015969  -0.17956544   0.30548866  -0.00795270  -0.53145769  -0.23356236  -0.10797536   0.38328718  -0.19711125  -0.05716092  -0.09162248
  0.23792252   0.25449693   0.22422213  -0.16545433  -0.22523641  -0.26082107   0.30798896  -0.14218718   0.21616324   0.04600394   0.17023210   0.14658483  -0.09314848   0.09115421   0.07772066   0.24286433  -0.21917508  -0.18897874  -0.26942048  -0.13159572  -0.21205781   0.59021686  -0.33773886  -0.62285831   0.47025818   0.25895903  -0.47476369   0.59724084   0.06261900   0.03899889
  0.59185411   0.01866728  -0.10478404   0.10990465  -0.01209862  -0.34285012   0.05776233   0.22157311  -0.13768294   0.05353086  -0.17583421   0.32461640  -0.25373083  -0.31937212  -0.02951022   0.26459619   0.31003504  -0.22110318  -0.36344740   0.21365691  -0.06661455  -0.68095191  -0.35273336  -0.15538278   0.15721645  -0.03863229  -0.04709469   0.02629076   0.15623491   0.46375683
  0.33640073  -0.08797734   0.30501542  -0.09963339  -0.43185956   0.41881709  -0.02598464   0.06149377  -0.56265681  -0.19432645  -0.14739114   0.07552473   0.17769259   0.10076221  -0.12437913   0.22474513   0.01256834  -0.17747629   0.11646122  -0.33163085   0.23029648   0.16675225   0.15223884  -0.30211357  -0.03337048   0.37540111   0.12140831  -0.41657902   0.47738737   0.01369751
  0.23392627  -0.12612561   0.40184550   0.53650112  -0.10205591   0.13590718  -0.08403213   0.20108102   0.12858720  -0.03881931   0.02188425   0.51982957  -0.01190435   0.17199097   0.25781269  -0.02629623   0.06671256  -0.14851477   0.55949326  -0.48530676  -0.10021971   0.18663305  -0.38036990   0.43872672   0.28423825  -0.02378475   0.24901240  -0.02096539  -0.38393597   0.09268275
 -0.58394107   0.14350306  -0.03199833   0.66793689   0.17601788   0.50005287   0.00487140  -0.08712108  -0.23135844   0.25297745  -0.51674671   0.23033035   0.01400426   0.11170953   0.57604499   0.00646698  -0.15370487  -0.08124872  -0.13855119   0.17371914   0.01175500  -0.22857089  -0.07683069  -0.33767207   0.11465876  -0.17760365   0.04364698   0.13452281   0.01605307   0.31841030
  0.35405002   0.16471687  -0.08581137   0.16072901   0.88959918   0.22484280  -0.13369198  -0.29588987  -0.10064554   0.15403952   0.08112659  -0.33161493  -0.08012274   0.15276480  -0.22581423   0.24451033  -0.70705052   0.14961262   0.48164560  -0.10184035   0.18169814  -0.08134278  -0.24148857  -0.28775509  -0.22260976   0.11032453   0.19765304   0.42999639   0.05064895   0.25510246
  0.15298918  -0.00617774  -0.26791530   0.03018041   0.29692316   0.75845684  -0.22501016  -0.25061273   0.29750632  -0.26799916  -0.18607183   0.51170391   0.16405393  -0.07280383  -0.40572768  -0.21189052  -0.21904334  -0.47819459  -0.56540911   0.26155309  -0.18386571   0.43154351   0.10637264  -0.12075393  -0.10579487  -0.32086761  -0.10376854  -0.07089836  -0.09876342   0.00447439
 -0.03025648  -0.84683172  -0.11954616  -0.00837144  -0.23234762   0.14197748   0.26722615  -0.02506365  -0.01669863  -0.03128643   0.03537865   0.28547088  -0.40277077  -0.30445143   0.15764904   0.00228507   0.14204759   0.20600895   0.06813490   0.16760357   0.51520127   0.39477008  -0.29896451   0.22962491  -0.03869117   0.28154006  -0.37498443   0.31470218   0.14423735   0.01854120
 -0.25397238  -0.27655666  -0.04072383  -0.18605000   0.26719467   0.23124560  -0.31452111   0.18925837   0.05183193  -0.26320635   0.05247530   0.20073841   0.18563791   0.34296871  -0.01134129   0.32117658   0.21992215   0.19981606  -0.30427194   0.07538586   0.33869996  -0.06165852  -0.54693659  -0.25275962   0.83902929   0.07466022   0.42764442   0.26894606  -0.17159220  -0.18698963
  0.31572679  -0.07228261  -0.40503949   0.17200654  -0.01871754   0.18817575   0.13111373   0.05042484   0.28253860   0.18714801   0.52551692  -0.14725592  -0.41599192   0.33763416   0.14851350   0.27579813   0.17423635   0.04570236   0.02615675   0.01274344  -0.33692493   0.28455104   0.21206819   0.13047690   0.22026908  -0.26088731   0.61241775  -0.16857578   0.66234122   0.17459770
 -0.35150777  -0.04007650   0.01501964   0.50651333  -0.39407941   0.22154027   0.06364423  -0.14985558   0.02972828  -0.24730718   0.47330496  -0.46255755   0.12529768  -0.03258920  -0.05552788   0.27698772   0.20309132  -0.18436807  -0.42093467   0.54817164  -0.15931280  -0.16791198  -0.03630749  -0.00852794  -0.37348346   0.26527512   0.19730114   0.21330591  -0.42504576   0.25718647
 -0.30480089   0.00438326   0.13667079  -0.01821378   0.07100413  -0.53779130  -0.13611616   0.46053698  -0.18897748   0.20301609   0.02883689  -0.06032745   0.42748142  -0.39462767  -0.35507269  -0.51891716  -0.33370216  -0.19619834   0.02077714   0.41629547   0.14537982   0.27370661  -0.27154233  -0.10974660  -0.32050732  -0.09960259   0.23229553  -0.02690607   0.58387882   0.57410966
 -0.06024653   0.01924696   0.28899444  -0.51310228  -0.50068361   0.16145939  -0.61622776  -0.19942239   0.05735916  -0.28864922  -0.05063413  -0.49896731  -0.08678716  -0.13173293  -0.22404729   0.18052480   0.04068254  -0.02713428   0.32572542  -0.30820534  -0.13639381  -0.36569823  -0.01466463  -0.07592441   0.30905209  -0.55738092  -0.07876538   0.31643202   0.09049213   0.53592063
  0.14784275  -0.41713912  -0.26334351   0.09135341  -0.07000846   0.32648118  -0.52231944   0.30483492  -0.33452474   0.63111498  -0.07237978  -0.01971324   0.13574130  -0.23186691  -0.12539346   0.23591694  -0.33379446   0.21673523  -0.15332283  -0.27904132  -0.39497012  -0.14846259   0.19382419   0.27260915   0.10119829   0.17963455  -0.33827091   0.02219419  -0.40329493   0.22613813
