  -0.25895261738164  -0.10175942956744  -0.24679218027934   0.42336638278666   0.55587977013563  -0.47324508893696   0.57100202766407  -0.23833191325746  -0.40301773325109   1.09291878914675
   0.17279565987951  -0.19981637292749  -0.01097070749225  -0.44498865221943   0.66677132918536  -0.57109996926234  -0.00692724357882  -0.44040741520351   0.75593410436098  -0.24817003612008
   0.71509850952775   0.57092690133792  -0.79437272043384  -0.04057407921233  -0.61700165264422  -0.14442817339295   0.55500293627097   0.06129204781870   0.42337586705494  -0.29275888271258
   0.37459878093614   0.30414535752991   0.61854121595881  -0.18253713882554  -0.08595177658454   0.68205916320059   0.48965989868925  -0.25409249835683   0.20647249378240   0.45247309637109
  -0.19101408337939  -0.14013677463583   0.76213646685864  -0.26395334070357  -0.23210209939619  -0.42312555008356   0.80252489467614   0.48181973827204  -0.27594074125143  -0.57137971996847
  -0.10592640806750   0.53512904963662  -0.14380270301318  -0.91721616786171   0.18453412783446  -0.00755700571369  -0.29109770529582  -0.39219703336261  -0.82078877023958  -0.38704746700054
   0.47632734580863   0.42847033067362  -0.07978335716005   0.69401738854079   0.76879205215484   0.08663876644799   0.16889764907832   0.16681970926268  -0.51795112514378  -0.18446898846123
  -0.54043471667983  -0.50348312813737  -0.34535113741970   0.25084744370086  -0.17847360081965   0.20845804127948   0.37880938613374  -0.89879028768233  -0.05080961545822  -0.59852972227781
   0.62999379529318  -0.88094352929403  -0.26543667218141  -0.85114380324345   0.11409151085518   0.58820342362657   0.14751162215098   0.36861868050341  -0.19226941922361  -0.25841711929933
  -0.73702890253822   0.13986673295775  -0.03902959296976  -0.38707641355810   0.81739840167998   0.52663977330132   0.14884568436926   0.44706266373653   0.40258059679430   0.01783877880451
